hdbscan: 2.7685144
umap: 30.4824991
res_hdbscan: 1.2441495
